1,13,13,13,13,13,13,13,13,13,13,13
13,2,13,13,13,13,13,13,13,13,13,13
13,13,3,13,13,13,13,13,13,13,13,13
13,10,13,4,13,3,13,8,13,12,13,12
13,5,13,13,13,13,13,13,13,13,13,13
13,13,13,13,6,13,13,13,13,13,13,13
13,13,13,13,13,7,13,13,13,13,13,13
13,13,13,13,13,13,3,13,4,13,13,13
13,9,13,13,13,13,13,13,13,13,13,13
13,13,13,13,13,13,3,13,8,13,13,13
10,10,10,10,10,11,10,10,10,10,10,12,14
10,10,10,10,10,10,10,10,10,10,10,10,10
10,10,10,10,10,10,10,10,10,10,10,10,10
13,13,13,13,13,13,13,13,13,13,13,13,10
10,10,10,10,10,10,10,10,10,10,10,10,10